  MAXIMUM ITER EXCEEDED    5.7059010726869444        2.0145512781723247        249.74369419122104        8.0254495397222431E-002   9775.1152409257356                         0                    0
 ITER>=LOOP:          13   122.50579937851431        9217.8159005169364        9217.8159005169364                8          14  0.24475451208863319                8                    0                    0                       NaN   13879.389693543630            20000       20000
  MAXIMUM ITER EXCEEDED    5.7190464463359421        2.7295044723047783        374.04966530216143       0.60897231545477826        9292.1062198073741                         0                    0
 ITER>=LOOP:          13   107.86996667602205        9292.1062198073741        9292.1062198073741                8          14  0.21551356096364316                8                    0                    0                       NaN   18926.105182953332            20000       20000
  MAXIMUM ITER EXCEEDED    5.6519145052646547        2.5680667469495733        317.32959948233150       0.51564973374955791        9389.9509084075908                         0                    0
 ITER>=LOOP:          13   111.30663628663292        9389.9509084075908        9389.9509084075908                8          14  0.22237968810239295                8                    0                    0                       NaN   18781.169670421859            20000       20000
  MAXIMUM ITER EXCEEDED    5.5220771796458301        2.2026125346535150        3009.5525176015817       0.84017528893007531        9833.5857800106460                         0                    0
 ITER>=LOOP:          13   112.59414222039845        9833.5857800106460        9833.5857800106460                8          14  0.22495199805170785                8                    0                    0                       NaN   8814.7544017177570            20000       20000
  MAXIMUM ITER EXCEEDED    5.6280195170560416        2.0038505735746637        2435.6820034843722       0.82186677616734838        9964.2402843561431                         0                    0
 ITER>=LOOP:          13   112.83053328634583        9964.2402843561431        9964.2402843561431                8          14  0.22542428410118021                8                    0                    0                       NaN   16618.885421805993            20000       20000
  MAXIMUM ITER EXCEEDED    5.4919228307908652        1.9142599298446170        242.03168499771428        7.4800757698958220E-002   9234.9925273238405                         0                    0
 ITER>=LOOP:          13   120.86350059694976        9234.9925273238405        9234.9925273238405                8          14  0.24147336100097050                8                    0                    0                       NaN   18480.704081237440            20000       20000
  MAXIMUM ITER EXCEEDED    6.3889070661073282        3.2445467240212147        2786.5497602139221       0.84425178620400987        9425.4044908051710                         0                    0
 ITER>=LOOP:          13   80.438825766001543        9425.4044908051710        9425.4044908051710                8          14  0.16070884524032181                8                    0                    0                       NaN   11881.335570324976            20000       20000
  MAXIMUM ITER EXCEEDED    6.5314991908864020        2.9655658546170169        446.56657510669760       0.61440921316939523        9869.0644516417706                         0                    0
 ITER>=LOOP:          13   75.333500504071182        9869.0644516417706        9869.0644516417706                8          14  0.15050890858746868                8                    0                    0                       NaN   8063.3152804900183            20000       20000
  MAXIMUM ITER EXCEEDED    6.4452450260610794        3.1896321260775382        1956.9222169385121       0.80064469518873438        9746.3075746319919                         0                    0
 ITER>=LOOP:          13   78.696891571158872        9746.3075746319919        9746.3075746319919                8          14  0.15722863241617802                8                    0                    0                       NaN   11143.555813901572            20000       20000
